15
-12
21
9
-15
-17
14
20
24
-7
-16
-4
17
18
4
-13
-18
10
-4
9
-2
12
-8
-18
3
7
9
-23
-9
-21
-22
9
-9
2
6
-1
17
-22
8
0
-7
24
14
-13
-2
-9
0
-10
-24
5
-12
-13
-12
-23
13
23
1
1
-11
17
-5
10
-5
1
9
-4
-19
8
-18
0
17
-5
1
-18
20
7
-13
-8
-15
-2
-11
-18
15
24
-7
-6
-18
13
-5
-6
-20
4
10
-6
-11
13
9
18
-1
-18
11
3
-1
-11
4
17
0
16
18
-18
-8
22
3
6
-14
14
7
-7
18
-1
4
-20
9
21
6
-8
-17
-7
16
5
19
5
9
-6
-13
-9
-4
18
8
19
-6
-22
-18
-6
-10
-17
7
-9
-10
13
21
-4
-7
-13
5
-5
10
-24
24
2
-5
24
4
12
-9
-9
-4
-23
2
5
-2
15
23
4
-7
11
7
-7
-7
-18
11
0
16
-8
8
-24
-1
-3
19
-24
-8
-19
-1
-24
14
-20
-15
16
11
-5
