4.207355
4.660195
4.927249
4.997868
4.869238
4.546487
4.042482
3.377316
2.577507
1.674941
0.705600
-0.291871
-1.277706
-2.212602
-3.059289
-3.784012
-4.357879
-4.758010
-4.968455
-4.980823
-4.794621
-4.417273
-3.863822
-3.156333
-2.323011
-1.397077
-0.415447
0.582746
1.557707
2.470567
3.284933
3.968339
4.493540
4.839598
4.992717
4.946791
4.703653
4.272995
3.671985
2.924586
2.060592
1.114450
0.123877
-0.871634
-1.832396
-2.720106
-3.499373
-4.139132
-4.613877
-4.904681
-4.999951
-4.895889
-4.596643
-4.114143
-3.467625
-2.682865
-1.791146
-0.828021
0.168115
1.157549
2.100835
2.960368
3.701879
4.295809
4.718478
4.953037
4.990133
4.828289
4.473956
3.941260
3.251439
2.431993
1.515592
0.538768
-0.459534
-1.439517
-2.362110
-3.190533
-3.891760
-4.437835
-4.806987
-4.984500
-4.963297
-4.744222
-4.336011
-3.754936
-3.024164
-2.172828
-1.234868
-0.247678
0.749386
1.716575
2.615329
3.409818
4.068369
4.564726
4.879103
4.998965
4.919533
4.643976
4.183278
3.555806
2.786575
1.906252
0.949933
-0.044257
-1.036682
-1.987778
-2.859628
-3.617474
-4.231102
-4.676050
-4.934578
-4.996380
-4.858992
-4.527892
-4.016279
-3.344549
-2.539483
-1.633176
-0.661759
0.336040
1.320443
2.252203
3.094175
3.812792
4.379405
4.771425
4.973224
4.976756
4.781880
4.396365
3.835582
3.121886
2.283730
1.354529
0.371327
-0.626678
-1.599700
-2.508947
-3.318169
-3.995107
-4.512773
-4.850529
-4.994909
-4.940158
-4.688459
-4.249845
-3.641804
-2.888575
-2.020188
-1.071263
-0.079629
0.915179
1.873501
2.757133
3.530847
4.163797
4.630750
4.913089
4.999559
4.886713
4.579048
4.088831
3.435606
2.645413
1.749757
0.784343
-0.212340
-1.200558
-2.140913
-2.995917
-3.731483
-4.318287
-4.732934
-4.958894
-4.987159
-4.816601
-4.454021
-3.913873
-3.217691
-2.393230
-1.473358
-0.494748
0.503585
1.481843
2.401024
3.224484
3.919393
4.458049
4.818977
4.987787
4.957750
4.730063
4.313803
3.725566
2.988802
2.132884
1.191934
0.203466
