1.000000
1.200000
1.400000
1.541593
1.341593
1.141593
0.941593
0.741593
0.541593
0.341593
0.141593
-0.058407
-0.258407
-0.458407
-0.658407
-0.858407
-1.058407
-1.258407
-1.458407
-1.483185
-1.283185
-1.083185
-0.883185
-0.683185
-0.483185
-0.283185
-0.083185
0.116815
0.316815
0.516815
0.716815
0.916815
1.116815
1.316815
1.516815
1.424778
1.224778
1.024778
0.824778
0.624778
0.424778
0.224778
0.024778
-0.175222
-0.375222
-0.575222
-0.775222
-0.975222
-1.175222
-1.375222
-1.566371
-1.366371
-1.166371
-0.966371
-0.766371
-0.566371
-0.366371
-0.166371
0.033629
0.233629
0.433629
0.633629
0.833629
1.033629
1.233629
1.433629
1.507963
1.307963
1.107963
0.907963
0.707963
0.507963
0.307963
0.107963
-0.092037
-0.292037
-0.492037
-0.692037
-0.892037
-1.092037
-1.292037
-1.492037
-1.449556
-1.249556
-1.049556
-0.849556
-0.649556
-0.449556
-0.249556
-0.049556
0.150444
0.350444
0.550444
0.750444
0.950444
1.150444
1.350444
1.550444
1.391149
1.191149
0.991149
0.791149
0.591149
0.391149
0.191149
-0.008851
-0.208851
-0.408851
-0.608851
-0.808851
-1.008851
-1.208851
-1.408851
-1.532741
-1.332741
-1.132741
-0.932741
-0.732741
-0.532741
-0.332741
-0.132741
0.067259
0.267259
0.467259
0.667259
0.867259
1.067259
1.267259
1.467259
1.474334
1.274334
1.074334
0.874334
0.674334
0.474334
0.274334
0.074334
-0.125666
-0.325666
-0.525666
-0.725666
-0.925666
-1.125666
-1.325666
-1.525666
-1.415927
-1.215927
-1.015927
-0.815927
-0.615927
-0.415927
-0.215927
-0.015927
0.184073
0.384073
0.584073
0.784073
0.984073
1.184073
1.384073
1.557519
1.357519
1.157519
0.957519
0.757519
0.557519
0.357519
0.157519
-0.042481
-0.242481
-0.442481
-0.642481
-0.842481
-1.042481
-1.242481
-1.442481
-1.499112
-1.299112
-1.099112
-0.899112
-0.699112
-0.499112
-0.299112
-0.099112
0.100888
0.300888
0.500888
0.700888
0.900888
1.100888
1.300888
1.500888
1.440704
1.240704
1.040704
0.840704
0.640704
0.440704
0.240704
0.040704
