0.119893
0.038405
0.113913
0.112765
0.059502
0.106187
0.030132
0.037240
0.091209
0.072002
0.080844
0.097785
0.090193
0.047378
0.045228
0.030497
0.072101
0.108475
0.090564
0.081396
0.370447
0.345101
0.351322
0.330244
0.361301
0.347927
0.333898
0.387732
0.418072
0.375356
0.332167
0.379959
0.334208
0.396689
0.364259
0.339416
0.336622
0.333120
0.345835
0.356393
0.717635
0.663125
0.700177
0.679962
0.658277
0.713795
0.670390
0.642588
0.700765
0.704712
0.704089
0.697389
0.712916
0.635889
0.685790
0.682143
0.682390
0.646365
0.657395
0.669110
0.953484
0.974988
0.932060
0.934700
0.994385
0.959999
0.981731
0.958074
1.017594
0.938921
0.993709
0.972727
0.951432
0.995357
0.976512
0.940135
0.995368
0.954228
0.950380
1.009505
1.317003
1.242066
1.242717
1.302699
1.283549
1.303844
1.233782
1.248397
1.245574
1.282978
1.302946
1.314586
1.235853
1.316042
1.280838
1.243354
1.311123
1.268720
1.237677
1.237185
1.589561
1.564638
1.603108
1.550671
1.611823
1.573535
1.547842
1.566833
1.548375
1.580437
1.592451
1.612002
1.551053
1.562328
1.543585
1.568429
1.591531
1.533911
1.612944
1.608596
1.864613
1.909011
1.869319
1.900337
1.899125
1.919171
1.879028
1.866833
1.844187
1.886048
1.865012
1.850515
1.913743
1.899128
1.839954
1.914971
1.837086
1.885307
1.843717
1.893890
2.148287
2.191979
2.170412
2.191141
2.172219
2.140097
2.155379
2.181000
2.180105
2.208865
2.137468
2.162628
2.142316
2.178514
2.216855
2.207865
2.211310
2.152841
2.153726
2.146356
2.492415
2.477992
2.508209
2.507137
2.495409
2.489064
2.486730
2.500669
2.474576
2.441135
2.485260
2.480464
2.460139
2.436229
2.474636
2.468308
2.448859
2.432793
2.508362
2.472142
2.796576
2.819283
2.798131
2.750704
2.730566
2.738361
2.737443
2.763976
2.744480
2.813345
2.768585
2.783464
2.763699
2.803372
2.803306
2.761436
2.743904
2.818934
2.802482
2.793129
