0.083115
0.076443
0.057804
0.088658
0.089358
0.068316
0.080816
0.112532
0.102726
0.032175
0.030566
0.099603
0.031522
0.038718
0.083151
0.112103
0.032585
0.071884
0.048436
0.040366
0.390072
0.388718
0.401732
0.374114
0.352866
0.353399
0.362963
0.341173
0.399675
0.338240
0.394928
0.368961
0.415839
0.379467
0.367195
0.419019
0.410961
0.360595
0.397230
0.339926
0.671395
0.631228
0.655247
0.718943
0.716652
0.664067
0.694453
0.687581
0.673804
0.657950
0.683118
0.671579
0.658939
0.719767
0.690174
0.690440
0.699721
0.642992
0.670763
0.666945
1.018127
0.945733
0.993429
1.001908
1.007437
1.016039
0.965410
0.994486
1.012504
0.937295
1.017665
0.983403
1.017402
0.951578
0.966143
1.019338
0.979484
0.993659
1.000927
0.953805
1.233958
1.273623
1.239707
1.234897
1.257986
1.240764
1.307299
1.315103
1.308387
1.296695
1.237586
1.231599
1.262062
1.260386
1.289619
1.284304
1.263117
1.303037
1.254319
1.231950
1.565795
1.605495
1.613405
1.581610
1.617278
1.536111
1.577078
1.581827
1.589410
1.591838
1.552056
1.594830
1.543420
1.610310
1.556481
1.578003
1.616677
1.555816
1.603303
1.550034
1.835559
1.896925
1.868665
1.891954
1.913529
1.898565
1.856890
1.918481
1.858403
1.906401
1.838603
1.919885
1.857956
1.916319
1.903545
1.889767
1.907873
1.876789
1.904685
1.869014
2.171129
2.136999
2.135142
2.161254
2.132862
2.138476
2.194522
2.170137
2.209791
2.213087
2.176180
2.203734
2.188243
2.175177
2.192033
2.136389
2.219882
2.200702
2.206448
2.173323
2.459123
2.471134
2.515754
2.488295
2.511422
2.514968
2.464987
2.509651
2.506349
2.454627
2.478404
2.445057
2.464652
2.501611
2.495296
2.510258
2.493275
2.457664
2.517731
2.452100
2.817418
2.784807
2.771744
2.771263
2.793756
2.731994
2.738545
2.794852
2.743783
2.811293
2.737301
2.734288
2.801424
2.791303
2.816072
2.808777
2.793937
2.770706
2.812458
2.789605
